E:\Java_project\OOP_HW\HW4>java NQueens
Set N to: 4
0 0 1 0
1 0 0 0
0 0 0 1
0 1 0 0

0 1 0 0
0 0 0 1
1 0 0 0
0 0 1 0

total 2 solutions are found
E:\Java_project\OOP_HW\HW4>java NQueens
Set N to: 5
1 0 0 0 0
0 0 0 1 0
0 1 0 0 0
0 0 0 0 1
0 0 1 0 0

1 0 0 0 0
0 0 1 0 0
0 0 0 0 1
0 1 0 0 0
0 0 0 1 0

0 0 1 0 0
1 0 0 0 0
0 0 0 1 0
0 1 0 0 0
0 0 0 0 1

0 0 0 1 0
1 0 0 0 0
0 0 1 0 0
0 0 0 0 1
0 1 0 0 0

0 1 0 0 0
0 0 0 1 0
1 0 0 0 0
0 0 1 0 0
0 0 0 0 1

0 0 0 0 1
0 0 1 0 0
1 0 0 0 0
0 0 0 1 0
0 1 0 0 0

0 1 0 0 0
0 0 0 0 1
0 0 1 0 0
1 0 0 0 0
0 0 0 1 0

0 0 0 0 1
0 1 0 0 0
0 0 0 1 0
1 0 0 0 0
0 0 1 0 0

0 0 0 1 0
0 1 0 0 0
0 0 0 0 1
0 0 1 0 0
1 0 0 0 0

0 0 1 0 0
0 0 0 0 1
0 1 0 0 0
0 0 0 1 0
1 0 0 0 0

total 10 solutions are found